92
98
29
98
48
96
79
91
85
69
1
16
21
62
45
100
70
19
41
90
30
63
4
78
74
32
6
10
31
87
68
36
62
50
80
98
81
37
35
96
15
20
42
18
70
32
35
58
73
33
6
12
86
39
71
10
80
98
2
56
58
15
79
57
94
32
28
71
49
28
11
50
38
81
15
66
97
84
16
46
13
56
63
46
24
89
81
42
98
90
41
57
75
20
46
43
94
36
75
33
21
76
19
65
21
60
53
62
82
38
47
98
42
100
21
100
27
67
6
57
75
88
62
82
58
8
39
8
44
85
62
29
1
81
51
53
57
35
25
45
41
76
24
85
8
64
82
27
90
97
21
83
63
73
96
68
58
1
98
91
59
4
77
19
98
42
32
82
27
81
53
17
3
1
45
37
37
31
49
16
1
84
72
71
97
78
82
73
77
6
100
68
68
33
73
73
7
85
98
54
93
27
31
4
98
24
92
76
20
75
65
4
46
63
59
79
95
54
14
40
78
15
56
19
33
43
23
5
29
16
96
16
13
44
93
46
78
73
36
76
45
1
75
22
26
60
60
101
92
66
6
1
15
27
37
89
79
90
92
28
7
8
16
92
88
51
83
96
63
32
81
55
38
15
12
55
14
89
64
100
92
15
87
99
94
100
12
97
52
97
33
23
88
96
39
30
20
43
64
65
13
1
7
86
38
5
9
34
28
67
38
86
46
87
14
23
48
20
26
53
10
49
18
54
11
12
16
97
10
56
54
77
17
80
71
35
99
61
36
59
35
57
18
5
59
12
23
100
54
6
92
19
29
25
81
85
26
43
73
74
73
46
73
52
18
82
99
23
4
11
61
27
74
36
23
59
15
73
93
75
56
26
14
74
42
46
96
42
24
2
31
95
76
99
27
16
53
70
34
14
22
89
38
9
5
84
97
50
34
15
34
39
27
52
35
17
93
52
74
89
7
42
69
97
10
60
18
42
25
15
86
26
74
17
19
36
94
5
68
48
49
0
17
80
52
26
3
97
28
4
92
24
74
80
93
7
80
97
68
97
101
86
17
72
32
29
89
12
0
70
45
87
13
72
7
46
28
69
74
55
6
16
34
21
32
53
40
45
16
76
75
36
22
57
53
19
48
2
29
62
16
77
29
81
24
50
35
53
8
95
26
7
28
96
76
71
40
100
10
56
24
79
100
13
60
44
15
78
91
22
4
91
5
54
55
70
83
56
88
97
47
63
11
38
3
30
74
64
67
63
14
66
44
27
65
5
78
71
79
15
27
78
74
75
90
68
54
88
69
52
32
3
89
53
23
29
31
85
98
96
83
19
53
66
46
43
90
83
27
47
55
92
19
68
26
84
42
70
45
57
46
19
52
6
75
61
98
10
12
29
74
91
72
37
18
13
46
37
41
88
70
85
4
23
41
45
46
14
16
64
52
5
92
45
21
36
72
24
25
31
86
91
64
60
70
52
22
69
45
7
20
44
20
34
67
69
33
79
97
58
97
96
38
12
51
49
92
44
35
70
9
64
85
28
61
76
28
77
49
47
100
79
62
97
15
41
21
45
72
43
32
94
75
73
78
77
12
26
15
54
83
86
27
28
27
35
17
76
4
24
32
5
10
60
70
62
11
37
70
60
68
35
39
1
49
6
40
11
17
18
86
27
10
23
30
39
23
68
90
94
71
70
57
41
40
23
70
21
99
49
44
82
88
8
90
5
53
79
7
60
85
7
7
64
18
18
66
84
9
96
15
8
56
23
89
30
53
17
92
27
52
34
42
18
3
40
36
35
1
32
15
43
68
38
86
26
72
40
23
24
10
77
14
24
9
43
23
80
85
94
73
34
96
42
87
38
67
19
20
20
72
92
15
26
31
64
48
80
79
66
3
16
26
61
8
76
86
55
67
11
30
74
91
64
1
101
6
100
101
66
7
7
3
3
69
12
55
13
85
71
3
76
15
66
38
17
74
55
61
16
37
68
62
20
18
88
7
26
48
22
28
59
54
96
19
4
55
64
64
91
21
21
93
83
99
99
46
83
15
61
73
92
89
39
74
57
2
32
59
62
4
67
18
13
88
5
84
11
20
44
85
93
5
51
35
76
69
65
31
42
65
84
79
57
71
28
41
91
72
20
83
36
82
53
59
60
24
72
72
44
35
86
20
56
29
23
45
93
90
63
37
29
4
3
48
32
0
23
19
79
69
27
83
50
74
94
52
63
2
53
76
59
88
87
54
26
70
19
67
25
68
87
81
49
21
22
76
31
66
9
